"0" "1" "2" "3" "4" "5" "6" "7" "8" "9" "10" "11" "12" "13"
"PD44580_1" 0.0031959649122807 0.48276298245614 0.000585789473684211 0.00489631578947368 0.260930877192982 0.230504736842105 0.00449315789473684 0.0102519298245614 0.00209315789473684 0.000194385964912281 3.33333333333333e-06 1.50877192982456e-05 1.14035087719298e-05 6.08771929824561e-05
"PD44580_10" 0.00403526315789474 0.612584210526316 0.00793578947368421 0.0221264912280702 0.137104561403509 0.183575438596491 0.0247387719298246 0.00632754385964912 0.00124333333333333 0.000268245614035088 5.26315789473684e-07 2.29824561403509e-05 1e-05 2.68421052631579e-05
"PD44580_11" 0.00251036364590439 0.541919504643963 0.000714698011229469 0.00526866768116703 0.223608385370205 0.209913942383376 0.00567665424778297 0.0088846618040615 0.0012423256546151 0.000223277535813612 2.36133704150706e-06 4.19793251823477e-06 9.44534816602823e-06 2.15144041559532e-05
"PD44580_12" 0.00215247420877776 0.609463192865886 0.00196421285772571 0.00466281984029842 0.226466748266014 0.13562569213732 0.00876493559480096 0.00890248878008976 0.00175380311243224 0.000191175613452235 5.24567232033572e-06 1.86512793611937e-05 8.15993472052223e-06 2.03998368013056e-05
"PD44580_13" 0.00367508771929825 0.60614 0.000830175438596491 0.00661824561403509 0.218170877192982 0.147254385964912 0.00701929824561404 0.0086419298245614 0.00120263157894737 0.000397719298245614 2.80701754385965e-06 8.59649122807018e-06 3.15789473684211e-06 3.50877192982456e-05
"PD44580_14" 0.0296649122807018 0.652922631578947 0.000101052631578947 0.112602631578947 0.0635040350877193 0.115529122807018 0.0209231578947368 0.00198087719298246 0.00057140350877193 0.000755087719298246 1.45614035087719e-05 0.00109228070175439 8.94736842105263e-06 0.000329298245614035
"PD44580_15" 0.0439301754385965 0.628658245614035 0.000159473684210526 0.160360350877193 0.0459638596491228 0.0865298245614035 0.0308489473684211 0.00162666666666667 0.00081859649122807 0.000311578947368421 5.78947368421053e-06 0.000356491228070175 5.08771929824561e-06 0.000424912280701754
"PD44580_16" 0.0360208771929825 0.623044912280702 7.84210526315789e-05 0.117719649122807 0.0403166666666667 0.099579649122807 0.0799470175438596 0.00106035087719298 0.00071280701754386 0.000310877192982456 3.68421052631579e-06 0.000742982456140351 3.50877192982456e-07 0.000461754385964912
"PD44580_17" 0.0215050877192982 0.664568596491228 0.000393333333333333 0.0961731578947368 0.0472329824561403 0.144762105263158 0.0211484210526316 0.00180421052631579 0.000752631578947368 0.000848947368421053 1.87719298245614e-05 0.000494912280701754 4.3859649122807e-06 0.000292456140350877
"PD44580_18" 0.0140531578947368 0.699663684210526 0.000299649122807018 0.105887719298246 0.0613070175438597 0.0801726315789474 0.0350571929824561 0.00223210526315789 0.000384736842105263 0.000778421052631579 3.50877192982456e-05 6.64912280701754e-05 2.10526315789474e-05 4.10526315789474e-05
"PD44580_2" 0.0129316503929507 0.453161467015956 0.000902595856156228 0.0123124553465111 0.239884496308645 0.252853060252441 0.00995951417004049 0.0105334603477018 0.00671826625386997 0.000401286020481067 2.38151940938319e-05 7.0254822576804e-05 4.88211478923553e-05 0.000198856870683496
"PD44580_21" 0.00574982456140351 0.63371350877193 0.000291052631578947 0.0292478947368421 0.139557543859649 0.154761754385965 0.00842842105263158 0.0052 0.0226119298245614 0.000375438596491228 7.36842105263158e-06 3.43859649122807e-05 5.96491228070175e-06 1.49122807017544e-05
"PD44580_22" 0.00333666666666667 0.470042105263158 0.00039859649122807 0.024679649122807 0.289728421052632 0.190841929824561 0.00806578947368421 0.0114861403508772 0.000869824561403509 0.000505263157894737 2.28070175438596e-06 7.19298245614035e-06 1.40350877192982e-06 3.47368421052632e-05
"PD44580_23" 0.00678070175438597 0.431761578947368 0.000286842105263158 0.00914543859649123 0.269694035087719 0.263147719298246 0.0071740350877193 0.010749298245614 0.000580175438596491 0.000344912280701754 1.05263157894737e-06 0.000124385964912281 3.33333333333333e-05 0.000176491228070175
"PD44580_24" 0.00576647930505876 0.485160449667859 0.00240929994890138 0.00341798671435871 0.244382217680123 0.238081246806336 0.00801226366888094 0.0106852324987225 0.00156259580991313 0.000391415431783342 5.10986203372509e-06 6.13183444047011e-06 7.00051098620337e-05 4.95656617271334e-05
"PD44580_25" 0.0039119298245614 0.550174210526316 0.000715614035087719 0.00453578947368421 0.227359649122807 0.188668245614035 0.0142454385964912 0.00762175438596491 0.00170157894736842 0.00103789473684211 3.50877192982456e-07 1.14035087719298e-05 4.73684210526316e-06 1.14035087719298e-05
"PD44580_26" 0.00256824561403509 0.504011929824561 0.000388070175438597 0.0110414035087719 0.285142280701754 0.180279298245614 0.00400087719298246 0.0118866666666667 0.000406315789473684 8.70175438596491e-05 7.01754385964912e-07 9.70175438596491e-05 7.40350877192982e-05 1.6140350877193e-05
"PD44580_27" 0.00265578947368421 0.474014385964912 0.000385438596491228 0.010820701754386 0.301874736842105 0.192869298245614 0.00450438596491228 0.0122517543859649 0.000470877192982456 0.000116491228070175 1.92982456140351e-06 7.36842105263158e-06 1.68421052631579e-05 1e-05
"PD44580_28" 0.00409 0.619988947368421 0.000758421052631579 0.0241594736842105 0.214254035087719 0.09645 0.0113873684210526 0.0101880701754386 0.0182170175438597 0.000455087719298246 1.80701754385965e-05 1.24561403508772e-05 1.75438596491228e-07 2.08771929824561e-05
"PD44580_29" 0.00299543859649123 0.587098596491228 0.000663508771929825 0.00535035087719298 0.216972807017544 0.165756842105263 0.012109649122807 0.00754701754385965 0.000634912280701754 0.000846315789473684 0 8.59649122807018e-06 1.14035087719298e-05 4.56140350877193e-06
"PD44580_3" 0.0022795332765787 0.540690069607892 0.000535830537332866 0.00510491261455256 0.240937453052231 0.194148430066603 0.00447243227001853 0.0107126045370324 0.000885873103310131 0.000196304271621013 5.00776203114828e-07 1.25194050778707e-05 2.00310481245931e-05 3.5054334218038e-06
"PD44580_30" 0.0144760874789714 0.55700833133061 0.000361291356244492 0.0150268364976368 0.21872887126492 0.141717535848754 0.0411938236000961 0.00851237683249219 0.00204478090202676 0.000656492830249139 6.8092605944084e-06 0.000237322758952175 8.01089481695105e-06 2.14291436353441e-05
"PD44580_31" 0.0047740350877193 0.525080350877193 0.00298438596491228 0.0100935087719298 0.28782701754386 0.150764561403509 0.0044719298245614 0.0131389473684211 0.000544561403508772 0.000254385964912281 1.75438596491228e-07 5.6140350877193e-06 3.52631578947368e-05 2.52631578947368e-05
"PD44580_32" 0.00691678520625889 0.50149359886202 0.00101706970128023 0.0496088193456615 0.333577524893314 0.0746870554765292 0.0114900426742532 0.0192140825035562 0.00106330014224751 0.000718349928876245 7.11237553342817e-06 0.000117354196301565 1.77809388335704e-05 7.11237553342817e-05
"PD44580_33" 0.0074940350877193 0.689770175438597 0.000163684210526316 0.0815510526315789 0.054119298245614 0.0795814035087719 0.0212019298245614 0.00188543859649123 0.0635475438596491 0.000515438596491228 1.12280701754386e-05 0.000132105263157895 4.73684210526316e-06 2.19298245614035e-05
"PD44580_34" 0.0155008326184589 0.451736892566988 0.000387546046323863 0.0132805167280618 0.0892471110662562 0.132753191704092 0.0121809557450674 0.00352878841398799 0.280644900842711 0.000572740576272897 5.0461724781753e-07 0.000106978856537316 9.58772770853308e-06 4.9452490286118e-05
"PD44580_35" 0.0147846889952153 0.6661302015369 0.000487168334058286 0.0392750471219371 0.0876598521096129 0.131568798028128 0.0522154559953603 0.00330143540669856 0.00272437291576048 0.000849644773089749 0.000110192837465565 0.000759750616209946 2.8998115122517e-06 0.000130491518051327
"PD44580_4" 0.00691096901131333 0.442208886702738 0.000691260862436465 0.0112864404000656 0.273361534677816 0.240735858337432 0.0120764059681915 0.0111044433513691 0.00118183308739138 0.00029021151008362 1.5084440072143e-05 3.96786358419413e-05 1.31169044105591e-05 8.42761108378423e-05
"PD44580_5" 0.00341527687531586 0.472034871128438 0.000376146126633456 0.00555411161648978 0.274824561403509 0.217648184246625 0.00559598584939716 0.0107017543859649 0.00957656486896253 0.000233918128654971 3.60984766442856e-07 1.91321926214714e-05 5.41477149664284e-06 1.37174211248285e-05
"PD44580_6" 0.00435931013345964 0.485382686467359 0.000235992310049873 0.0153289125407484 0.228054108272269 0.248358362820763 0.00789167200690981 0.00966509709955142 0.000303418684349837 0.000339918085313867 2.50759243264328e-06 1.14234766375972e-05 1.86676325541222e-05 4.79228776016272e-05
"PD44580_7" 0.00284508771929825 0.492955964912281 0.000610526315789474 0.00613947368421053 0.253732105263158 0.222912280701754 0.00628491228070175 0.00968771929824561 0.00460649122807018 0.000185964912280702 5.26315789473684e-07 7.54385964912281e-06 2.29824561403509e-05 8.42105263157895e-06
"PD44580_8" 0.0058140350877193 0.484626666666667 0.000344210526315789 0.0119331578947368 0.26601350877193 0.207453333333333 0.00919 0.0103984210526316 0.00385982456140351 0.000291052631578947 1.75438596491228e-07 3.47368421052632e-05 4.91228070175439e-06 3.59649122807018e-05
"PD44580_9" 0.00841228070175439 0.490954385964912 0.00151017543859649 0.0521447368421053 0.23150649122807 0.196718596491228 0.00767280701754386 0.00870263157894737 0.00192912280701754 0.000344736842105263 2.73684210526316e-05 1.6140350877193e-05 2.15789473684211e-05 3.89473684210526e-05
"PD44581_1" 0.0348580701754386 0.0572177192982456 0.586351578947368 0.226093859649123 0.0206761403508772 0.000865964912280702 0.000858245614035088 0.0659240350877193 0.000149122807017544 0.00471543859649123 5.78947368421053e-06 1.66666666666667e-05 0.00058280701754386 0.00168456140350877
"PD44581_11" 0.00660736842105263 0.0298689473684211 0.636158245614035 0.272322280701754 0.00892894736842105 0.00151456140350877 0.000845789473684211 0.0419968421052632 0.000741929824561404 0.000334736842105263 7.54385964912281e-06 2.07017543859649e-05 1.24561403508772e-05 0.000639649122807018
"PD44581_2" 0.013480701754386 0.0412156140350877 0.650474912280702 0.224474035087719 0.0185828070175439 0.0014840350877193 0.000761052631578947 0.0487017543859649 0.000143508771929825 0.000169473684210526 1.24561403508772e-05 1.24561403508772e-05 1.10526315789474e-05 0.000476140350877193
"PD44581_3" 0.0216459649122807 0.0605626315789474 0.624877192982456 0.241864736842105 0.00656175438596491 0.00117614035087719 0.00166105263157895 0.0397608771929825 0.000624385964912281 0.000236140350877193 1.03508771929825e-05 1.98245614035088e-05 1.73684210526316e-05 0.000981578947368421
"PD44581_4" 0.0720433333333333 0.0152684210526316 0.60074350877193 0.248594736842105 0.00623754385964912 0.00180578947368421 0.000375263157894737 0.0539091228070175 0.000161578947368421 5.21052631578947e-05 1.2280701754386e-05 9.29824561403509e-06 2.35087719298246e-05 0.000763508771929825
"PD44581_5" 0.00804245614035088 0.0507945614035088 0.628030350877193 0.249411754385965 0.0143710526315789 0.00189754385964912 0.000711578947368421 0.0457005263157895 0.00019719298245614 0.000301929824561404 1.47368421052632e-05 1.05263157894737e-05 5.45614035087719e-05 0.000461228070175439
"PD44581_6" 0.0367140350877193 0.0553275438596491 0.667343684210526 0.187844385964912 0.0146510526315789 0.000805789473684211 0.00110789473684211 0.0355917543859649 7.31578947368421e-05 0.00015859649122807 6.49122807017544e-06 1.66666666666667e-05 4.54385964912281e-05 0.000313508771929825
"PD44581_8" 0.00828843762950684 0.0236738499792789 0.623653128885205 0.188313302942395 0.014983423124741 0.00142146705346042 0.000518027351844177 0.135060091172814 0.000876502279320348 0.000323249067550767 3.10816411106506e-05 2.90095317032739e-05 3.31537505180274e-05 0.00279527559055118
"PD44582_1" 0.130171612541993 0.00405879059350504 0.554159014557671 0.278216125419933 0.00117441209406495 0.0205758678611422 0.000662653975363942 0.00882334826427772 0.000103583426651736 0.00174440089585666 6.27099664053751e-05 4.81522956326988e-05 0.000114221724524076 8.51063829787234e-05
"PD44582_10" 0.0873717543859649 0.0128759649122807 0.473710526315789 0.348324912280702 0.00240333333333333 0.0163833333333333 0.000848245614035088 0.0500628070175439 5.15789473684211e-05 0.00656035087719298 3.14035087719298e-05 1.33333333333333e-05 2.98245614035088e-05 0.00133263157894737
"PD44582_11" 0.0806083554209264 0.010728259497665 0.510679035718793 0.333388867853086 0.00449072321090496 0.0363019058437461 0.00111321469140477 0.021469140477092 0.000287769784172662 0.000647482014388489 3.53401489334848e-05 5.04859270478354e-05 7.19424460431655e-05 0.000127476965795784
"PD44582_2" 0.0841933287950987 0.00563863709648526 0.586531116764 0.250141162982337 0.00185016660098169 0.0283062233528 0.000278205725341263 0.0419741320626276 5.48170972018201e-05 0.000282863387195013 7.43434488194619e-05 1.54061122854788e-05 0.00011267958869263 0.000546916986134499
"PD44582_3" 0.182783436715557 0.00759351077733751 0.496224093936062 0.247087940584611 0.00253552683442939 0.0461469203161629 0.000919444847831048 0.0131008443457876 9.85415845486795e-05 0.00308632242806464 7.05350289401075e-06 0.000162645478497189 7.88332676389436e-05 0.000174885380577972
"PD44582_4" 0.150784736842105 0.00687263157894737 0.448116140350877 0.347407543859649 0.00172526315789474 0.015139298245614 0.000588771929824561 0.028509298245614 7.08771929824561e-05 0.000401228070175439 7.54385964912281e-06 1.80701754385965e-05 7.10526315789474e-05 0.000287543859649123
"PD44582_5" 0.0764080701754386 0.00917982456140351 0.48490649122807 0.361838596491228 0.0031119298245614 0.0401798245614035 0.000776491228070175 0.0216759649122807 0.000159473684210526 0.00153421052631579 5.26315789473684e-06 2.91228070175439e-05 5.14035087719298e-05 0.000143333333333333
"PD44582_6" 0.0925001754385965 0.00904561403508772 0.550451578947368 0.314662631578947 0.00174298245614035 0.0207636842105263 0.000456140350877193 0.00683789473684211 0.000121578947368421 0.00304877192982456 2.91228070175439e-05 1.2280701754386e-05 0.000261754385964912 6.57894736842105e-05
"PD44582_8" 0.0262237432145386 0.00413736134057116 0.762539532688223 0.141505782393203 0.00199197545433089 0.00616945952324758 0.000363464715600661 0.0553622846353552 0.000217134765164031 0.000453150814255369 1.41609629454803e-05 7.31649752183148e-05 4.48430493273543e-05 0.000903941468019825
"PD44582_9" 0.0388313302942395 0.00476792374637381 0.677942395358475 0.243893493576461 0.00122047244094488 0.0109283050145048 0.000704517198508081 0.020638209697472 0.000178201409034397 0.000372979693327808 8.28843762950684e-05 2.90095317032739e-05 2.90095317032739e-05 0.000381268130957315
"PD44584_1" 0.001285146382873 0.00210878297237981 0.807637169240962 0.102541099010311 0.0212075034162905 0.000420928402832415 0.000147211064640358 0.0632026170855936 0.0010675390285312 6.41848523748395e-05 4.53434924841608e-05 1.0352395544329e-06 1.65638328709263e-06 0.000269783427885213
"PD44584_10" 0.000502280701754386 0.000555438596491228 0.961941052631579 0.0280666666666667 0.00262 0.000410175438596491 0.000156140350877193 0.00468666666666667 0.00100052631578947 2.24561403508772e-05 1.75438596491228e-06 5.6140350877193e-06 8.94736842105263e-06 2.2280701754386e-05
"PD44584_11" 0.00174529374083029 0.000149815055896514 0.961429132312525 0.0290761060483954 0.000428574380592234 0.00201640733163887 8.32765069328209e-05 0.00151612836567272 0.00345773149009154 1.65313165127188e-05 3.71954621536173e-06 1.65313165127188e-06 4.33947058458868e-05 3.22360671998016e-05
"PD44584_12" 0.00282059015734178 0.000270949580254361 0.955450409691851 0.0304285427034635 0.000909113758608556 0.0013379078067662 0.000156336399738602 0.0060438345146534 0.00248177750967677 1.00537877645403e-05 7.79168551751873e-06 8.29437490574574e-06 9.55109837631328e-06 6.48469310812849e-05
"PD44584_13" 0.0258843859649123 0.000335614035087719 0.56461649122807 0.225306666666667 0.000185087719298246 0.000727894736842105 0.000385438596491228 0.00382912280701754 0.177114210526316 0.00128964912280702 2.35087719298246e-05 5.78947368421053e-06 5.43859649122807e-06 0.000290701754385965
"PD44584_14" 0.00840438596491228 0.00208228070175439 0.615588947368421 0.230292280701754 0.00413754385964912 0.000493157894736842 0.000221929824561404 0.0444038596491228 0.0936328070175439 2.71929824561404e-05 2.35087719298246e-05 3.68421052631579e-06 1.57894736842105e-06 0.000686842105263158
"PD44584_15" 0.000658421052631579 8.78947368421053e-05 0.19962298245614 0.00106 0.015960350877193 7.64912280701754e-05 2.98245614035088e-05 0.744114912280702 0.0016459649122807 2.19298245614035e-05 8.59649122807018e-06 8.7719298245614e-07 3.68421052631579e-06 0.0367080701754386
"PD44584_16" 0.000627017543859649 0.000182982456140351 0.222648421052632 0.00094 0.0121085964912281 0.000111754385964912 4.3859649122807e-05 0.723210877192982 0.00189017543859649 4.05263157894737e-05 3.35087719298246e-05 1.75438596491228e-07 2.63157894736842e-06 0.0381594736842105
"PD44584_17" 0.000676315789473684 0.000121754385964912 0.183065438596491 0.00268157894736842 0.0140647368421053 0.000701754385964912 3.07017543859649e-05 0.755557543859649 0.00352456140350877 5.08771929824561e-06 1.75438596491228e-07 5.6140350877193e-06 2.10526315789474e-06 0.0395626315789474
"PD44584_2" 0.000895775483816266 0.0108900523560209 0.821547152214003 0.0955906479852471 0.00438603556817941 0.00162515632617589 0.000666638404307184 0.0563149416028997 0.00762405409415605 6.1258664179579e-05 2.0984801916188e-05 2.75558004960044e-06 4.23935392246222e-07 0.000374122983657291
"PD44584_21" 0.00404385964912281 0.000614035087719298 0.850662280701754 0.0245964912280702 0.00296052631578947 0.000767543859649123 0.000166666666666667 0.104881578947368 0.0063859649122807 1.31578947368421e-05 2.63157894736842e-05 0 0 0.00488157894736842
"PD44584_23" 0.00528754385964912 0.00042719298245614 0.697337894736842 0.213698947368421 0.00157210526315789 0.000664912280701754 4.56140350877193e-05 0.0165517543859649 0.062730350877193 0.00143456140350877 7.01754385964912e-07 0 3.68421052631579e-06 0.000244736842105263
"PD44584_24" 0.00825725026852846 0.0130665950590763 0.843805048335123 0.102457035445757 0.00162996777658432 0.00151987110633727 0.0143421052631579 0.00453007518796992 0.00730665950590763 9.12996777658432e-05 0.00275241675617615 0.000153061224489796 1.34264232008593e-05 7.5187969924812e-05
"PD44584_25" 0.0305050877192982 0.000527894736842105 0.610103859649123 0.182198421052632 0.000699298245614035 0.00217894736842105 0.00207526315789474 0.00197701754385965 0.169533684210526 0.000114035087719298 1.73684210526316e-05 8.42105263157895e-06 1.19298245614035e-05 4.87719298245614e-05
"PD44584_28" 0.00337359792924935 0.00175150992234685 0.774570031636468 0.185792349726776 0.0025625539257981 0.00161921196433707 0.000572332470520564 0.015565142364107 0.0137446074201898 1.15041702617199e-05 7.76531492666091e-05 5.75208513085994e-06 0 0.000353753235547886
"PD44584_29" 0.00296719298245614 0.00091859649122807 0.758209122807018 0.195752105263158 0.0016 0.00291105263157895 0.000149122807017544 0.00352315789473684 0.0338228070175439 6.87719298245614e-05 2.85964912280702e-05 3.68421052631579e-06 9.82456140350877e-06 3.59649122807018e-05
"PD44584_3" 0.00999771929824561 0.00591263157894737 0.552890701754386 0.253433333333333 0.00255508771929825 0.000559649122807018 0.000383684210526316 0.0115747368421053 0.162458421052632 2.71929824561404e-05 1.10526315789474e-05 3.50877192982456e-07 1.05263157894737e-05 0.000184912280701754
"PD44584_30" 0.00232915208814115 0.00161989131243951 0.938020546415544 0.042532010719869 0.00209632993374525 0.00358668949601727 0.000498399464006551 0.00392931586391722 0.00523077495719497 5.4715997915581e-05 2.45663664110772e-05 2.02858631727834e-05 1.99136454998883e-05 3.74078761259585e-05
"PD44584_31" 0.00495134896063689 0.000528527200353826 0.853162317558602 0.0336643078283945 0.0153427686864219 0.000417956656346749 0.00028969482529854 0.0863555948695268 0.00384343210968598 0.000121627598407784 6.63423264042459e-05 1.99026979212738e-05 2.21141088014153e-06 0.00123396727111897
"PD44584_32" 0.00566982456140351 0.00227842105263158 0.177055263157895 0.00383614035087719 0.011879298245614 0.0197750877192982 0.000102631578947368 0.733089824561403 0.00442385964912281 4.21052631578947e-05 2.45614035087719e-06 1.92982456140351e-06 2.47368421052632e-05 0.0418184210526316
"PD44584_33" 0.000304035087719298 0.000177368421052632 0.205344561403509 0.00135982456140351 0.0138180701754386 0.000116140350877193 2.42105263157895e-05 0.736345789473684 0.00487122807017544 1.28070175438596e-05 1.92982456140351e-06 3.50877192982456e-07 0 0.0376236842105263
"PD44584_4" 0.0297871247155546 0.000590912427512295 0.636447184907876 0.243302503119724 0.000471995889304852 0.00152719665271967 0.00020369962563312 0.00199735741026206 0.0854554797034427 0.000137634882184541 1.61491595096528e-05 6.60647434485796e-06 3.30323717242898e-06 5.28517947588637e-05
"PD44584_5" 0.0877961406638809 0.000253063524109113 0.578576928494296 0.205368327151509 0.000322080848866144 0.000516925677261843 8.49805155171604e-05 0.00467721489271797 0.122221231043711 4.69505610592047e-05 2.34752805296023e-06 2.34752805296023e-06 1.17376402648012e-05 0.000119723930700972
"PD44584_6" 0.0400201754385965 0.00225631578947368 0.496695438596491 0.236957192982456 0.000835789473684211 0.000734736842105263 0.00175245614035088 0.00388701754385965 0.216392280701754 0.000346315789473684 1.73684210526316e-05 1.10526315789474e-05 1.40350877192982e-06 9.24561403508772e-05
"PD44584_7" 0.0802589473684211 0.00858982456140351 0.496019824561404 0.214061052631579 0.00197438596491228 0.000622631578947368 0.00034140350877193 0.00485157894736842 0.190163157894737 0.00298614035087719 3.89473684210526e-05 5.08771929824561e-06 3.50877192982456e-05 5.19298245614035e-05
"PD44584_8" 0.0391110526315789 0.00066859649122807 0.553187192982456 0.249085789473684 0.000993333333333333 0.00102298245614035 0.000295438596491228 0.00523824561403509 0.149957368421053 0.000275438596491228 3.91228070175439e-05 1.92982456140351e-06 5.08771929824561e-06 0.000118421052631579
"PD44584_9" 0.00521701754385965 0.000357719298245614 0.650795614035088 0.217842631578947 0.000344210526315789 0.000487368421052632 4.21052631578947e-05 0.00176157894736842 0.123082631578947 2.08771929824561e-05 2.28070175438596e-06 4.3859649122807e-06 1.2280701754386e-06 4.03508771929825e-05
"PD44585_1" 0.0433856140350877 0.00030280701754386 0.653726140350877 0.287328421052632 0.000149824561403509 0.000636315789473684 0.0129919298245614 0.000223333333333333 0.000635438596491228 0.000214912280701754 4.03508771929825e-06 0.000189122807017544 0.000185087719298246 2.70175438596491e-05
"PD44585_10" 0.0195027583122111 0.00188981660951245 0.649329804681676 0.313462054569852 0.000878932458625317 0.00155658267481735 0.0119099448337558 0.000494259728641718 0.000692560011927837 6.70940808110929e-05 2.08737140301178e-05 6.78395705978828e-05 0.000120023855673177 7.45489786789921e-06
"PD44585_2" 0.123741754385965 0.000329122807017544 0.572005614035088 0.28204298245614 0.000168245614035088 0.00110578947368421 0.0189335087719298 0.000153859649122807 0.000979824561403509 0.000128070175438596 3e-05 0.000217719298245614 0.000145087719298246 1.84210526315789e-05
"PD44585_3" 0.0886638596491228 0.00072280701754386 0.632306842105263 0.265399298245614 0.00135701754385965 0.0011980701754386 0.00787385964912281 0.00187105263157895 0.000159649122807018 0.000197017543859649 8.7719298245614e-07 0.000148771929824561 3.75438596491228e-05 6.33333333333333e-05
"PD44585_4" 0.103835964912281 0.000315789473684211 0.57938701754386 0.296832105263158 0.000153508771929825 0.00152456140350877 0.0168452631578947 0.000156491228070175 0.000480877192982456 5.94736842105263e-05 2.98245614035088e-06 0.000210526315789474 0.000194035087719298 1.40350877192982e-06
"PD44585_5" 0.0705778947368421 0.000579649122807018 0.651934210526316 0.266028421052632 0.000417368421052632 0.000621754385964912 0.0084280701754386 0.000650175438596491 0.000162631578947368 0.000386842105263158 2.45614035087719e-06 0.000146140350877193 5.05263157894737e-05 1.3859649122807e-05
"PD44585_6" 0.0848921052631579 0.000470350877192982 0.623031228070175 0.279121929824561 0.000264210526315789 0.000849122807017544 0.00518105263157895 0.000572280701754386 0.0015359649122807 0.00027 2.80701754385965e-06 0.000123333333333333 0.00367526315789474 1.03508771929825e-05
"PD44585_9" 0.0210146198830409 0.00180116959064327 0.738324561403509 0.228204678362573 0.00100877192982456 0.00152631578947368 0.00606432748538012 0.000631578947368421 0.000871345029239766 4.67836257309942e-05 7.60233918128655e-05 9.35672514619883e-05 0.000315789473684211 2.04678362573099e-05
"PD44586_1" 0.0117563157894737 0.826442280701754 0.000185964912280702 0.000565964912280702 0.125985789473684 0.0122214035087719 0.0145480701754386 0.00724280701754386 2.05263157894737e-05 0.000785087719298246 4.98245614035088e-05 0.000126491228070175 6.40350877192982e-05 5.43859649122807e-06
"PD44586_2" 0.0431129824561403 0.822089649122807 0.000236315789473684 0.000918070175438596 0.0919273684210526 0.0132275438596491 0.0189414035087719 0.00763719298245614 0.000391929824561403 0.00137947368421053 2e-05 4.47368421052632e-05 3.3859649122807e-05 3.94736842105263e-05
"PD44586_3" 0.027610701754386 0.786915789473684 0.000242631578947368 0.000349298245614035 0.129302280701754 0.0148356140350877 0.0201717543859649 0.0182994736842105 9.01754385964912e-05 0.00181263157894737 2.85964912280702e-05 9.80701754385965e-05 0.000117017543859649 0.000125964912280702
"PD44586_4" 0.022980350877193 0.809197719298246 0.000206491228070175 0.000479824561403509 0.121336315789474 0.0107240350877193 0.0190028070175439 0.0140649122807018 2.63157894736842e-05 0.00185280701754386 7.01754385964912e-07 2.64912280701754e-05 9.47368421052632e-06 9.17543859649123e-05
"PD44586_5" 0.0357368421052632 0.769112807017544 0.000158947368421053 0.000492105263157895 0.139749122807018 0.0231035087719298 0.0212691228070175 0.00848456140350877 3.52631578947368e-05 0.00176631578947368 2.45614035087719e-06 2.2280701754386e-05 4.63157894736842e-05 2.03508771929825e-05
"PD44586_7" 0.0186495507060334 0.632761232349166 0.00195121951219512 0.000566110397946085 0.28397432605905 0.0163722721437741 0.0144480102695764 0.0290205391527599 0.00013992297817715 0.00136585365853659 0.000146341463414634 0.000288831835686778 7.57381258023107e-05 0.0002400513478819
"PD44586_8" 0.0043681917211329 0.775642701525054 0.000178305240224745 0.000675381263616558 0.171430455223025 0.00816076138057562 0.0164310285517716 0.0216523334479991 5.1026258456599e-05 0.0012962962962963 1.71998624011008e-06 1.26132324274739e-05 2.35064786148377e-05 7.56793945648435e-05
"PD44586_9" 0.0258171929824561 0.832787719298246 0.000195964912280702 0.000660877192982456 0.0982035087719298 0.0110415789473684 0.0209070175438596 0.00892947368421053 9.80701754385965e-05 0.00106912280701754 4.91228070175439e-05 3.19298245614035e-05 0.00019140350877193 1.70175438596491e-05
"PD44587_1" 0.00563666666666667 0.769147192982456 0.000126491228070175 0.031480701754386 0.149808771929825 0.00645491228070175 0.0150550877192982 0.0111298245614035 0.00781421052631579 0.00331473684210526 3.85964912280702e-06 1e-05 1.07017543859649e-05 6.84210526315789e-06
"PD44587_10" 0.00368585013936711 0.512561075586162 0.00474340055746844 0.038775209050664 0.368307919331038 0.00777668470241023 0.00972946384653222 0.0479685194294147 0.00513034923757993 0.00114772913592392 1.14772913592392e-05 7.21429742580751e-05 1.63961305131989e-06 8.8539104771274e-05
"PD44587_13" 0.0134184322826982 0.400432731900876 0.000229093359287265 0.0137051733173617 0.152284944224002 0.00680691772104514 0.011970502358314 0.0120565995358239 0.38792243767313 0.00112824736093434 7.48671108781912e-07 2.62034888073669e-05 1.12300666317287e-05 6.73803997903721e-06
"PD44587_14" 0.00924947368421053 0.760480350877193 0.000293157894736842 0.0446929824561404 0.132869298245614 0.00723859649122807 0.0164070175438596 0.0139024561403509 0.0139238596491228 0.000787017543859649 1.05263157894737e-05 8.71929824561404e-05 1.57894736842105e-05 4.2280701754386e-05
"PD44587_15" 0.00321526315789474 0.748870877192983 0.000126491228070175 0.049050350877193 0.131507192982456 0.00556649122807018 0.011460350877193 0.00942157894736842 0.0404501754385965 0.000271929824561403 1.14035087719298e-05 1.15789473684211e-05 1.57894736842105e-05 2.05263157894737e-05
"PD44587_2" 0.00482178067647505 0.75428750189595 0.000273396026088275 0.0119604125587745 0.162032458668285 0.00698847262247839 0.0112293341422721 0.0181749582890945 0.0290364780828151 0.00061542545123616 1.89595025026543e-06 1.59259821022296e-05 3.79190050053087e-06 0.000558167753678143
"PD44587_3" 0.00524443864002438 0.82317443733403 0.000161507988333116 0.026442470941622 0.0889390971224587 0.0132240651255931 0.0217643985895259 0.0161438335292325 0.0027756736755039 0.00206216533890558 3.4826520395281e-06 2.43785642766967e-05 1.26246136432894e-05 2.74258848112838e-05
"PD44587_4" 0.00308684210526316 0.801041052631579 0.00029280701754386 0.0330170175438596 0.118774035087719 0.00548701754385965 0.0117398245614035 0.00873789473684211 0.0174901754385965 0.000284561403508772 4.21052631578947e-06 1.6140350877193e-05 1.73684210526316e-05 1.10526315789474e-05
"PD44587_5" 0.00138070175438596 0.780568245614035 0.00017140350877193 0.0115008771929825 0.173795263157895 0.00726280701754386 0.00856754385964912 0.0139333333333333 0.00250298245614035 0.000275614035087719 2.45614035087719e-06 1e-05 1.21052631578947e-05 1.66666666666667e-05
"PD44587_6" 0.0391745614035088 0.766575087719298 0.000145263157894737 0.0121178947368421 0.146888771929825 0.00706087719298246 0.0131464912280702 0.0123080701754386 0.000890877192982456 0.000954561403508772 4.21052631578947e-06 0.000714736842105263 8.07017543859649e-06 1.05263157894737e-05
"PD44587_7" 0.00262228070175439 0.805937368421053 0.000612280701754386 0.0152359649122807 0.13242 0.0122080701754386 0.0112552631578947 0.0110926315789474 0.00797245614035088 0.000575263157894737 1.2280701754386e-06 3.40350877192982e-05 1.54385964912281e-05 1.7719298245614e-05
"PD44587_8" 0.00694684210526316 0.735633333333333 0.000276491228070175 0.0736326315789474 0.110601228070175 0.00548105263157895 0.0135564912280702 0.0283124561403509 0.0243494736842105 0.000858421052631579 3.78947368421053e-05 0.000183684210526316 9.47368421052632e-06 0.000120526315789474
"PD44588_1" 0.0404580757050219 0.000490122153521339 0.183222741667923 0.674041622681345 0.000278992610465993 0.0169548333584678 0.00554478962449103 0.000257502639119288 0.0412792188206907 6.0699743628412e-05 8.671391946916e-06 0.0371425878449706 0.00023111144623737 2.90303121701101e-05
"PD44588_13" 0.0273356181150551 0.00110991432068543 0.151461933904529 0.463939779681763 0.00185214198286414 0.0167270501835985 0.00500660954712362 0.00148788249694002 0.00270012239902081 2.4969400244798e-05 5.67931456548348e-05 0.328235985312118 3.86780905752754e-05 2.25214198286414e-05
"PD44588_15" 0.0496122195251909 0.000783257355988396 0.113844058966313 0.426366112130721 0.000512107039251672 0.0117151145580487 0.00451601444556273 0.000606832040731751 0.0058196672784323 0.000101237345331834 2.84175004440234e-05 0.385965306968208 6.57154697768042e-05 6.39393759990527e-05
"PD44588_2" 0.155515556352551 0.00110329059445889 0.0739635075764368 0.649758360979109 0.000401685645117905 0.00888729489823366 0.00536716578499059 6.67981708957231e-05 0.0445176185779611 0.000131803102304313 2.10705639738187e-05 0.060221465076661 4.25894378194208e-05 1.79323948713351e-06
"PD44588_3" 0.0294752631578947 0.000761754385964912 0.175024736842105 0.577617192982456 0.000206842105263158 0.0170212280701754 0.00452754385964912 0.000145087719298246 0.0488049122807018 0.000110526315789474 1.01754385964912e-05 0.146078070175439 0.00021280701754386 3.85964912280702e-06
"PD44588_4" 0.0529531554834608 0.0006264933470703 0.124130515793858 0.612516714526842 0.000398737368201846 0.0172355816655341 0.00505293846862053 0.000529823100024113 0.0295749578026699 4.69102786119819e-05 5.48017273504461e-06 0.156794098949999 4.44990026085622e-05 9.00940397641334e-05
"PD44588_5" 0.103010459299682 0.000608649864771068 0.121587324381896 0.55421507383739 0.000390129484694 0.0144757186280845 0.00401187142481032 0.000120868337282497 0.018307843278045 2.58490701515043e-05 2.84818458150834e-05 0.182992029870037 0.00022402527464637 1.67540269500491e-06
"PD44588_6" 0.0290155402433661 0.000592288520744759 0.169190184723648 0.585174094707521 0.000272320774080047 0.0212342398475297 0.00528203342618384 0.00020176660313737 0.024804464154816 4.72804574109368e-05 2.38234862923325e-05 0.164120546840639 3.48189415041783e-05 6.59727312710746e-06
"PD44588_7" 0.104011025068907 0.00044526840792755 0.124327995799974 0.608769523559522 0.000293017456359102 0.0141954324714529 0.00675744848405303 0.00012829767686048 0.0770540753379709 2.06720042000262e-05 2.9203307520672e-05 0.063761976637354 0.000143391521197007 6.26722667016669e-05
"PD44588_8" 0.232234047723186 0.000970015065364242 0.0796914030227924 0.514407348009914 0.000507848568790397 0.0101837002478495 0.00392720027214852 0.000303251202799242 0.0749283180249793 0.000164747047674588 1.21494872916363e-05 0.082524663459202 0.000138504155124654 6.80371288331632e-06
"PD44589_1" 0.00289157894736842 0.659756666666667 0.000244385964912281 0.015370701754386 0.24478298245614 0.0178264912280702 0.0420384210526316 0.0135594736842105 8.92982456140351e-05 5.73684210526316e-05 5.26315789473684e-06 0.000147543859649123 0.00322017543859649 9.64912280701754e-06
"PD44589_10" 0.000867017543859649 0.338587543859649 9.31578947368421e-05 0.00149070175438597 0.597627719298246 0.0189345614035088 0.0070759649122807 0.0341880701754386 0.000131578947368421 0.000589298245614035 6.49122807017544e-06 2.82456140350877e-05 0.000379473684210526 1.75438596491228e-07
"PD44589_11" 0.00164438596491228 0.296668596491228 8.73684210526316e-05 0.00375245614035088 0.627657368421053 0.0202528070175439 0.011020350877193 0.0357745614035088 8.85964912280702e-05 0.0020519298245614 7.89473684210526e-06 4.10526315789474e-05 0.000952631578947368 0
"PD44589_12" 0.00148789473684211 0.300811403508772 0.000386315789473684 0.00227614035087719 0.623401403508772 0.0224201754385965 0.0132136842105263 0.035039298245614 0.000584035087719298 8.19298245614035e-05 1.43859649122807e-05 4.52631578947368e-05 0.000238070175438596 0
"PD44589_13" 0.0535014035087719 0.629645789473684 8.89473684210526e-05 0.0559308771929825 0.157671403508772 0.00613631578947368 0.0853945614035088 0.00932859649122807 0.000143333333333333 0.00047 3.66666666666667e-05 0.0010019298245614 0.000649473684210526 7.01754385964912e-07
"PD44589_14" 0.00210929824561404 0.771650877192982 0.000149824561403509 0.0273743859649123 0.131160350877193 0.00656508771929825 0.0470912280701754 0.00856982456140351 4.35087719298246e-05 6.40350877192982e-05 3.33333333333333e-06 0.000107543859649123 0.00510754385964912 3.15789473684211e-06
"PD44589_15" 0.00257526315789474 0.747497543859649 5.73684210526316e-05 0.0307631578947368 0.159064210526316 0.00754263157894737 0.042110350877193 0.00969087719298246 0.000135438596491228 0.000165087719298246 8.24561403508772e-06 0.000107894736842105 0.000279824561403509 2.10526315789474e-06
"PD44589_16" 0.00249210526315789 0.75499 0.000387894736842105 0.0112978947368421 0.162755087719298 0.016590350877193 0.0416170175438597 0.00915929824561404 9.28070175438597e-05 0.000140701754385965 9.47368421052632e-06 7.47368421052631e-05 0.000392631578947368 0
"PD44589_17" 0.0207068421052632 0.628803157894737 0.000171754385964912 0.0349754385964912 0.0739264912280702 0.0160271929824561 0.221022631578947 0.00282052631578947 0.00032719298245614 0.000100175438596491 2.98245614035088e-06 0.000833157894736842 0.000282105263157895 3.50877192982456e-07
"PD44589_18" 0.0040159649122807 0.8236 0.000159473684210526 0.0139391228070175 0.0705945614035088 0.00749508771929825 0.0739424561403509 0.00528280701754386 0.000244736842105263 4.47368421052632e-05 2.10526315789474e-06 0.000157894736842105 0.000519473684210526 1.57894736842105e-06
"PD44589_19" 0.00406543859649123 0.823177543859649 5.98245614035088e-05 0.00975912280701754 0.0629219298245614 0.00589245614035088 0.0818021052631579 0.00435210526315789 0.000211578947368421 5.57894736842105e-05 6.66666666666667e-06 0.000124561403508772 0.00757087719298246 0
"PD44589_2" 0.00289929824561403 0.798972456140351 0.000389298245614035 0.0113552631578947 0.0913256140350877 0.0236445614035088 0.0654885964912281 0.00500456140350877 0.000208421052631579 8.75438596491228e-05 8.24561403508772e-06 0.000125614035087719 0.00048859649122807 1.92982456140351e-06
"PD44589_20" 0.00498736842105263 0.766124035087719 0.000311228070175439 0.0151082456140351 0.106119122807018 0.0118435087719298 0.0882852631578947 0.00604649122807018 0.000211578947368421 6.08771929824561e-05 1.75438596491228e-07 0.000208771929824561 0.000693333333333333 0
"PD44589_21" 0.00445508771929825 0.770246140350877 0.000266140350877193 0.00426122807017544 0.108211754385965 0.00620421052631579 0.0980978947368421 0.00761105263157895 3.36842105263158e-05 3.73684210526316e-05 0 0.000230526315789474 0.000344912280701754 0
"PD44589_22" 0.00195473684210526 0.725735789473684 0.000105789473684211 0.0421289473684211 0.172528947368421 0.011569649122807 0.0357064912280702 0.00982456140350877 5.70175438596491e-05 4.91228070175439e-05 3.50877192982456e-07 9.07017543859649e-05 0.000211052631578947 3.68421052631579e-05
"PD44589_23" 0.000838421052631579 0.709491578947368 0.00025140350877193 0.00822421052631579 0.168116315789474 0.0109580701754386 0.0118336842105263 0.0101073684210526 0.00131912280701754 0.000106315789473684 5.43859649122807e-06 3.01754385964912e-05 0.0787112280701754 6.66666666666667e-06
"PD44589_24" 0.00371771929824561 0.688867368421053 7.50877192982456e-05 0.00167263157894737 0.0455152631578947 0.00465122807017544 0.0906878947368421 0.00295280701754386 0.000591578947368421 5.80701754385965e-05 1.2280701754386e-06 0.000190701754385965 0.161018421052632 0
"PD44589_25" 0.000356491228070175 0.660237192982456 7.12280701754386e-05 0.00196666666666667 0.116790350877193 0.0107305263157895 0.00651052631578947 0.00715035087719298 4.57894736842105e-05 6.75438596491228e-05 0 1.91228070175439e-05 0.196054210526316 0
"PD44589_26" 0.00370473684210526 0.801324912280702 0.000645263157894737 0.0112094736842105 0.0581326315789474 0.00490350877192982 0.062880350877193 0.0051359649122807 0.000181929824561404 0.000254035087719298 2.10526315789474e-06 0.000142982456140351 0.0514821052631579 0
"PD44589_27" 0.000840701754385965 0.717657719298246 6e-05 0.0021440350877193 0.132169824561403 0.0118657894736842 0.0101966666666667 0.00759473684210526 0.000117543859649123 0.000205964912280702 1.05263157894737e-06 7.89473684210526e-06 0.117136315789474 1.75438596491228e-06
"PD44589_28" 0.01322 0.653265964912281 0.000116315789473684 0.0326033333333333 0.124685614035088 0.00688736842105263 0.160561578947368 0.00726719298245614 0.000111754385964912 4.40350877192982e-05 5.78947368421053e-06 0.000600877192982456 0.000630175438596491 0
"PD44589_29" 0.0181159649122807 0.605467719298246 0.00706964912280702 0.0142601754385965 0.133153333333333 0.0236998245614035 0.189107192982456 0.00660736842105263 6.85964912280702e-05 6.2280701754386e-05 0 0.00078280701754386 0.00160280701754386 2.28070175438597e-06
"PD44589_3" 0.00197385964912281 0.722532631578947 6.73684210526316e-05 0.0325959649122807 0.147900350877193 0.0639621052631579 0.0220415789473684 0.00733368421052632 0.000459298245614035 0.000114561403508772 2.63157894736842e-06 2.68421052631579e-05 0.000988947368421053 1.75438596491228e-07
